map1
1. 448,830,478,859
2. 871,832,903,863
3. 1291,832,1323,862
4. 1714,828,1743,862
5. 2135,831,2164,861
6. 448,1112,479,1146
7. 870,1114,902,1144
8. 1289,1114,1319,1146
9. 1711,1116,1742,1146
10. 2134,1116,2163,1146


map2
11. 450,65,482,97
12. 868,65,902,94
13. 1292,64,1321,96
14. 1710,66,1742,95
15. 2134,64,2165,92
16. 448,349,478,376
17. 868,348,900,379
18. 1288,349,1320,380
19. 1710,349,1742,380
20. 2130,347,2163,379
21. 450,633,480,661
22. 869,633,900,660
23. 1289,634,1319,661
24. 1710,633,1740,662
25. 2133,635,2162,664
26. 450,917,479,945
27. 868,916,898,947
28. 1289,917,1322,947
29. 1710,916,1742,947
30. 2132,916,2163,946
31. 448,1198,480,1231
32. 867,1200,898,1232
33. 1290,1200,1320,1230
34. 1710,1199,1743,1229
35. 2133,1198,2165,1229

map3
36. 449,152,478,181
37. 867,152,898,182
38. 1286,151,1318,182
39. 1711,152,1741,184
40. 2134,150,2165,178
41. 446,435,479,466
42. 871,435,902,464
43. 1288,437,1318,467
44. 1710,436,1742,466


